/home/zanoni/dev/inteligencia-computacional/.venv/lib/python3.10/site-packages/sklearn/metrics/_classification.py:1469: UndefinedMetricWarning: Precision and F-score are ill-defined and being set to 0.0 in labels with no predicted samples. Use `zero_division` parameter to control this behavior.
  _warn_prf(average, modifier, msg_start, len(result))
/home/zanoni/dev/inteligencia-computacional/.venv/lib/python3.10/site-packages/sklearn/metrics/_classification.py:1469: UndefinedMetricWarning: Precision and F-score are ill-defined and being set to 0.0 in labels with no predicted samples. Use `zero_division` parameter to control this behavior.
  _warn_prf(average, modifier, msg_start, len(result))
/home/zanoni/dev/inteligencia-computacional/.venv/lib/python3.10/site-packages/sklearn/metrics/_classification.py:1469: UndefinedMetricWarning: Precision and F-score are ill-defined and being set to 0.0 in labels with no predicted samples. Use `zero_division` parameter to control this behavior.
  _warn_prf(average, modifier, msg_start, len(result))
              precision    recall  f1-score   support

         0.0       0.83      1.00      0.91         5
         1.0       1.00      0.40      0.57         5
         3.0       0.00      0.00      0.00         5
         5.0       1.00      1.00      1.00         5
         7.0       0.83      1.00      0.91         5
         8.0       1.00      0.80      0.89         5
         9.0       0.25      0.20      0.22         5
        10.0       1.00      1.00      1.00         5
        11.0       0.75      0.60      0.67         5
        12.0       0.31      0.80      0.44         5
        13.0       1.00      1.00      1.00         5
        14.0       1.00      0.40      0.57         5
        16.0       0.33      0.20      0.25         5
        17.0       0.83      1.00      0.91         5
        18.0       0.71      1.00      0.83         5
        19.0       0.83      1.00      0.91         5
        25.0       1.00      1.00      1.00         5
        26.0       0.62      1.00      0.77         5
        37.0       0.36      0.80      0.50         5
        58.0       0.62      1.00      0.77         5
        59.0       1.00      1.00      1.00         5
        60.0       1.00      0.40      0.57         5
        61.0       0.40      0.40      0.40         5
        62.0       1.00      0.20      0.33         5
        63.0       0.33      0.40      0.36         5
        64.0       1.00      0.40      0.57         5
        65.0       0.83      1.00      0.91         5
        66.0       0.00      0.00      0.00         5
        81.0       0.00      0.00      0.00         5
        84.0       1.00      0.40      0.57         5
        85.0       0.00      0.00      0.00         5
        87.0       1.00      1.00      1.00         5
        88.0       0.50      0.60      0.55         5
        89.0       0.62      1.00      0.77         5
        90.0       0.00      0.00      0.00         5
        91.0       1.00      0.40      0.57         5
        92.0       0.40      0.40      0.40         5
        93.0       0.62      1.00      0.77         5
        94.0       0.50      0.20      0.29         5
        95.0       1.00      0.20      0.33         5
       102.0       1.00      0.20      0.33         5
       107.0       1.00      0.60      0.75         5
       108.0       1.00      1.00      1.00         5
       109.0       0.20      0.20      0.20         5
       110.0       0.33      0.20      0.25         5
       111.0       0.56      1.00      0.71         5
       112.0       0.33      0.20      0.25         5
       113.0       0.25      0.20      0.22         5
       114.0       0.80      0.80      0.80         5
       117.0       0.80      0.80      0.80         5
       118.0       0.50      1.00      0.67         5
       119.0       1.00      0.60      0.75         5
       121.0       0.00      0.00      0.00         5
       123.0       0.83      1.00      0.91         5
       124.0       1.00      0.80      0.89         5
       125.0       0.75      0.60      0.67         5
       126.0       1.00      0.80      0.89         5
       127.0       1.00      1.00      1.00         5
       128.0       1.00      1.00      1.00         5
       129.0       0.57      0.80      0.67         5
       130.0       0.60      0.60      0.60         5
       131.0       0.62      1.00      0.77         5
       132.0       1.00      0.20      0.33         5
       133.0       1.00      0.80      0.89         5
       134.0       1.00      0.40      0.57         5
       135.0       0.50      0.40      0.44         5
       139.0       0.67      0.80      0.73         5
       140.0       1.00      0.20      0.33         5
       150.0       0.56      1.00      0.71         5
       151.0       0.67      0.80      0.73         5
       152.0       0.20      0.20      0.20         5
       153.0       0.71      1.00      0.83         5
       154.0       0.43      0.60      0.50         5
       155.0       0.83      1.00      0.91         5
       157.0       0.17      0.20      0.18         5
       158.0       0.00      0.00      0.00         5
       159.0       0.00      0.00      0.00         5
       160.0       0.50      0.40      0.44         5
       161.0       1.00      0.80      0.89         5
       162.0       1.00      0.20      0.33         5
       163.0       0.83      1.00      0.91         5
       164.0       0.50      0.60      0.55         5
       165.0       0.15      0.40      0.22         5
       166.0       1.00      1.00      1.00         5
       168.0       1.00      1.00      1.00         5
       169.0       0.75      0.60      0.67         5
       170.0       1.00      0.40      0.57         5
       171.0       0.33      0.20      0.25         5
       172.0       0.50      0.20      0.29         5
       173.0       1.00      1.00      1.00         5
       174.0       0.50      0.60      0.55         5
       175.0       1.00      0.20      0.33         5
       177.0       0.83      1.00      0.91         5
       178.0       0.75      0.60      0.67         5
       179.0       0.62      1.00      0.77         5
       180.0       0.71      1.00      0.83         5
       181.0       1.00      0.20      0.33         5
       184.0       1.00      0.20      0.33         5
       185.0       1.00      0.80      0.89         5
       186.0       0.56      1.00      0.71         5
       187.0       0.50      0.20      0.29         5
       188.0       0.57      0.80      0.67         5
       190.0       0.50      0.60      0.55         5
       192.0       1.00      0.20      0.33         5
       193.0       1.00      0.60      0.75         5
       194.0       1.00      1.00      1.00         5
       195.0       1.00      1.00      1.00         5
       197.0       1.00      0.40      0.57         5
       198.0       0.83      1.00      0.91         5
       199.0       0.29      0.40      0.33         5
       202.0       1.00      0.80      0.89         5
       203.0       1.00      1.00      1.00         5
       204.0       1.00      0.80      0.89         5
       205.0       0.43      0.60      0.50         5
       206.0       1.00      1.00      1.00         5
       207.0       0.62      1.00      0.77         5
       208.0       1.00      1.00      1.00         5
       209.0       0.50      0.80      0.62         5
       210.0       0.50      0.20      0.29         5
       211.0       0.57      0.80      0.67         5
       212.0       0.50      0.80      0.62         5
       213.0       0.60      0.60      0.60         5
       214.0       0.80      0.80      0.80         5
       215.0       0.83      1.00      0.91         5
       216.0       0.71      1.00      0.83         5
       217.0       0.43      0.60      0.50         5
       230.0       0.75      0.60      0.67         5
       231.0       0.57      0.80      0.67         5
       232.0       0.25      0.20      0.22         5
       233.0       0.83      1.00      0.91         5
       234.0       0.80      0.80      0.80         5
       235.0       0.50      0.40      0.44         5
       237.0       0.50      0.80      0.62         5
       239.0       1.00      0.40      0.57         5
       240.0       0.71      1.00      0.83         5
       241.0       0.00      0.00      0.00         5
       242.0       0.00      0.00      0.00         5
       243.0       0.00      0.00      0.00         5
       246.0       1.00      0.20      0.33         5
       247.0       0.71      1.00      0.83         5
       248.0       0.40      0.40      0.40         5
       250.0       0.83      1.00      0.91         5
       254.0       1.00      0.20      0.33         5
       256.0       0.62      1.00      0.77         5
       259.0       0.12      0.20      0.15         5
       272.0       0.60      0.60      0.60         5
       273.0       0.40      0.40      0.40         5
       274.0       1.00      0.40      0.57         5
       275.0       0.71      1.00      0.83         5
       276.0       0.00      0.00      0.00         5
       277.0       0.83      1.00      0.91         5
       278.0       0.50      0.60      0.55         5
       279.0       1.00      0.40      0.57         5
       280.0       0.50      1.00      0.67         5
       281.0       0.00      0.00      0.00         5
       282.0       0.57      0.80      0.67         5
       283.0       1.00      0.20      0.33         5
       285.0       0.67      0.40      0.50         5
       286.0       1.00      1.00      1.00         5
       287.0       1.00      0.60      0.75         5
       288.0       0.80      0.80      0.80         5
       289.0       0.71      1.00      0.83         5
       291.0       1.00      0.60      0.75         5
       292.0       0.33      0.20      0.25         5
       293.0       0.40      0.40      0.40         5
       294.0       0.80      0.80      0.80         5
       295.0       1.00      0.20      0.33         5
       296.0       0.57      0.80      0.67         5
       297.0       1.00      1.00      1.00         5
       298.0       1.00      1.00      1.00         5
       299.0       0.83      1.00      0.91         5
       300.0       0.17      0.20      0.18         5
       301.0       1.00      0.80      0.89         5
       315.0       0.60      0.60      0.60         5
       320.0       1.00      0.60      0.75         5
       321.0       0.00      0.00      0.00         5
       324.0       0.75      0.60      0.67         5
       325.0       0.07      0.20      0.11         5
       328.0       1.00      1.00      1.00         5
       329.0       0.00      0.00      0.00         5
       330.0       1.00      1.00      1.00         5
       332.0       1.00      1.00      1.00         5
       333.0       1.00      0.40      0.57         5
       334.0       1.00      0.60      0.75         5
       335.0       0.67      0.80      0.73         5
       336.0       0.56      1.00      0.71         5
       337.0       1.00      1.00      1.00         5
       338.0       1.00      0.60      0.75         5
       339.0       0.75      0.60      0.67         5
       340.0       1.00      1.00      1.00         5
       341.0       0.80      0.80      0.80         5
       342.0       0.83      1.00      0.91         5
       343.0       1.00      0.20      0.33         5
       344.0       1.00      1.00      1.00         5
       345.0       1.00      1.00      1.00         5
       346.0       0.71      1.00      0.83         5
       347.0       1.00      1.00      1.00         5
       348.0       0.62      1.00      0.77         5
       349.0       1.00      1.00      1.00         5
       350.0       0.00      0.00      0.00         5
       351.0       0.83      1.00      0.91         5
       352.0       0.60      0.60      0.60         5
       353.0       0.83      1.00      0.91         5
       354.0       1.00      1.00      1.00         5
       355.0       1.00      1.00      1.00         5
       356.0       0.62      1.00      0.77         5
       357.0       1.00      0.60      0.75         5
       364.0       0.00      0.00      0.00         5
       379.0       0.40      0.40      0.40         5
       380.0       0.50      1.00      0.67         5
       382.0       0.56      1.00      0.71         5
       383.0       1.00      1.00      1.00         5
       384.0       0.40      0.80      0.53         5
       385.0       0.43      0.60      0.50         5
       386.0       0.83      1.00      0.91         5
       387.0       0.57      0.80      0.67         5
       388.0       0.71      1.00      0.83         5
       389.0       0.44      0.80      0.57         5
       390.0       1.00      0.80      0.89         5
       391.0       0.57      0.80      0.67         5
       392.0       0.57      0.80      0.67         5
       393.0       1.00      1.00      1.00         5
       394.0       1.00      1.00      1.00         5
       403.0       1.00      0.20      0.33         5
       405.0       0.42      1.00      0.59         5
       408.0       1.00      0.20      0.33         5
       409.0       0.71      1.00      0.83         5
       414.0       0.62      1.00      0.77         5
       415.0       0.57      0.80      0.67         5
       420.0       1.00      0.40      0.57         5
       439.0       0.29      0.40      0.33         5
       442.0       0.80      0.80      0.80         5
       443.0       1.00      0.80      0.89         5
       444.0       0.75      0.60      0.67         5
       445.0       1.00      0.20      0.33         5
       446.0       0.80      0.80      0.80         5
       447.0       0.83      1.00      0.91         5
       448.0       0.57      0.80      0.67         5
       449.0       1.00      1.00      1.00         5
       450.0       1.00      1.00      1.00         5
       451.0       0.38      0.60      0.46         5
       452.0       1.00      0.60      0.75         5
       453.0       0.38      0.60      0.46         5
       454.0       1.00      0.80      0.89         5
       455.0       0.67      0.40      0.50         5
       456.0       0.83      1.00      0.91         5
       458.0       0.83      1.00      0.91         5
       480.0       0.45      1.00      0.62         5
       481.0       0.40      0.40      0.40         5
       482.0       0.40      0.40      0.40         5
       483.0       0.67      0.80      0.73         5
       484.0       0.67      0.80      0.73         5
       486.0       0.50      0.20      0.29         5
       487.0       0.00      0.00      0.00         5
       488.0       0.67      0.80      0.73         5
       489.0       0.00      0.00      0.00         5
       490.0       1.00      1.00      1.00         5
       491.0       0.80      0.80      0.80         5
       492.0       1.00      0.20      0.33         5
       493.0       0.75      0.60      0.67         5
       494.0       0.00      0.00      0.00         5
       495.0       0.36      0.80      0.50         5
       496.0       0.50      0.80      0.62         5
       497.0       1.00      1.00      1.00         5
       498.0       0.60      0.60      0.60         5
       513.0       0.33      0.40      0.36         5
       514.0       0.00      0.00      0.00         5
       527.0       0.00      0.00      0.00         5
       542.0       0.20      0.20      0.20         5
       544.0       0.50      0.20      0.29         5
       545.0       1.00      0.60      0.75         5
       546.0       0.50      0.60      0.55         5
       547.0       1.00      1.00      1.00         5
       548.0       0.75      0.60      0.67         5
       549.0       1.00      0.60      0.75         5
       550.0       0.56      1.00      0.71         5
       551.0       0.67      0.40      0.50         5
       552.0       0.60      0.60      0.60         5
       553.0       0.50      0.20      0.29         5
       555.0       0.00      0.00      0.00         5
       559.0       0.50      0.20      0.29         5
       560.0       0.08      0.20      0.12         5
       561.0       0.25      0.40      0.31         5
       562.0       1.00      1.00      1.00         5
       563.0       0.33      0.80      0.47         5
       567.0       1.00      1.00      1.00         5
       577.0       0.00      0.00      0.00         5
       582.0       0.60      0.60      0.60         5
       583.0       1.00      1.00      1.00         5
       584.0       1.00      1.00      1.00         5
       585.0       0.75      0.60      0.67         5
       586.0       0.56      1.00      0.71         5
       587.0       0.50      0.80      0.62         5
       588.0       0.33      0.40      0.36         5
       598.0       1.00      1.00      1.00         5
       599.0       1.00      1.00      1.00         5
       634.0       0.25      0.20      0.22         5
       635.0       1.00      0.60      0.75         5
       658.0       1.00      0.40      0.57         5
       670.0       0.00      0.00      0.00         5
       671.0       0.62      1.00      0.77         5

    accuracy                           0.64      1505
   macro avg       0.67      0.64      0.62      1505
weighted avg       0.67      0.64      0.62      1505

Fitting 5 folds for each of 90 candidates, totalling 450 fits
/home/zanoni/dev/inteligencia-computacional/.venv/lib/python3.10/site-packages/sklearn/metrics/_classification.py:1469: UndefinedMetricWarning: Precision and F-score are ill-defined and being set to 0.0 in labels with no predicted samples. Use `zero_division` parameter to control this behavior.
  _warn_prf(average, modifier, msg_start, len(result))
/home/zanoni/dev/inteligencia-computacional/.venv/lib/python3.10/site-packages/sklearn/metrics/_classification.py:1469: UndefinedMetricWarning: Precision and F-score are ill-defined and being set to 0.0 in labels with no predicted samples. Use `zero_division` parameter to control this behavior.
  _warn_prf(average, modifier, msg_start, len(result))
/home/zanoni/dev/inteligencia-computacional/.venv/lib/python3.10/site-packages/sklearn/metrics/_classification.py:1469: UndefinedMetricWarning: Precision and F-score are ill-defined and being set to 0.0 in labels with no predicted samples. Use `zero_division` parameter to control this behavior.
  _warn_prf(average, modifier, msg_start, len(result))
              precision    recall  f1-score   support

         0.0       1.00      1.00      1.00         5
         1.0       1.00      0.60      0.75         5
         3.0       0.00      0.00      0.00         5
         5.0       1.00      1.00      1.00         5
         7.0       0.83      1.00      0.91         5
         8.0       1.00      1.00      1.00         5
         9.0       1.00      0.40      0.57         5
        10.0       1.00      1.00      1.00         5
        11.0       0.67      0.40      0.50         5
        12.0       0.38      0.60      0.46         5
        13.0       1.00      1.00      1.00         5
        14.0       1.00      1.00      1.00         5
        16.0       0.75      0.60      0.67         5
        17.0       1.00      1.00      1.00         5
        18.0       0.83      1.00      0.91         5
        19.0       0.83      1.00      0.91         5
        25.0       1.00      1.00      1.00         5
        26.0       0.71      1.00      0.83         5
        37.0       0.50      0.80      0.62         5
        58.0       1.00      1.00      1.00         5
        59.0       1.00      1.00      1.00         5
        60.0       0.67      0.80      0.73         5
        61.0       0.60      0.60      0.60         5
        62.0       1.00      0.20      0.33         5
        63.0       1.00      0.80      0.89         5
        64.0       0.75      0.60      0.67         5
        65.0       1.00      1.00      1.00         5
        66.0       0.33      0.60      0.43         5
        81.0       0.00      0.00      0.00         5
        84.0       0.75      0.60      0.67         5
        85.0       1.00      0.20      0.33         5
        87.0       1.00      1.00      1.00         5
        88.0       1.00      0.60      0.75         5
        89.0       1.00      0.60      0.75         5
        90.0       0.00      0.00      0.00         5
        91.0       1.00      0.40      0.57         5
        92.0       1.00      0.40      0.57         5
        93.0       1.00      1.00      1.00         5
        94.0       0.75      0.60      0.67         5
        95.0       1.00      0.20      0.33         5
       102.0       1.00      0.20      0.33         5
       107.0       1.00      0.60      0.75         5
       108.0       1.00      1.00      1.00         5
       109.0       0.40      0.40      0.40         5
       110.0       1.00      0.80      0.89         5
       111.0       0.56      1.00      0.71         5
       112.0       0.83      1.00      0.91         5
       113.0       0.43      0.60      0.50         5
       114.0       0.67      0.80      0.73         5
       117.0       1.00      1.00      1.00         5
       118.0       0.50      1.00      0.67         5
       119.0       0.57      0.80      0.67         5
       121.0       0.00      0.00      0.00         5
       123.0       1.00      1.00      1.00         5
       124.0       0.57      0.80      0.67         5
       125.0       0.43      0.60      0.50         5
       126.0       1.00      1.00      1.00         5
       127.0       1.00      1.00      1.00         5
       128.0       1.00      1.00      1.00         5
       129.0       0.57      0.80      0.67         5
       130.0       0.71      1.00      0.83         5
       131.0       0.83      1.00      0.91         5
       132.0       1.00      0.60      0.75         5
       133.0       1.00      1.00      1.00         5
       134.0       0.75      0.60      0.67         5
       135.0       0.75      0.60      0.67         5
       139.0       0.80      0.80      0.80         5
       140.0       1.00      0.20      0.33         5
       150.0       1.00      1.00      1.00         5
       151.0       0.80      0.80      0.80         5
       152.0       0.33      0.60      0.43         5
       153.0       0.83      1.00      0.91         5
       154.0       0.80      0.80      0.80         5
       155.0       1.00      1.00      1.00         5
       157.0       0.50      0.20      0.29         5
       158.0       0.00      0.00      0.00         5
       159.0       1.00      0.20      0.33         5
       160.0       0.31      1.00      0.48         5
       161.0       1.00      1.00      1.00         5
       162.0       1.00      0.60      0.75         5
       163.0       0.83      1.00      0.91         5
       164.0       0.67      0.80      0.73         5
       165.0       0.29      0.40      0.33         5
       166.0       1.00      1.00      1.00         5
       168.0       1.00      1.00      1.00         5
       169.0       1.00      1.00      1.00         5
       170.0       1.00      0.60      0.75         5
       171.0       0.71      1.00      0.83         5
       172.0       1.00      0.20      0.33         5
       173.0       1.00      1.00      1.00         5
       174.0       0.38      0.60      0.46         5
       175.0       1.00      0.60      0.75         5
       177.0       1.00      1.00      1.00         5
       178.0       0.71      1.00      0.83         5
       179.0       0.62      1.00      0.77         5
       180.0       0.45      1.00      0.62         5
       181.0       1.00      0.20      0.33         5
       184.0       1.00      0.80      0.89         5
       185.0       0.83      1.00      0.91         5
       186.0       0.80      0.80      0.80         5
       187.0       0.25      0.20      0.22         5
       188.0       0.50      0.80      0.62         5
       190.0       0.38      0.60      0.46         5
       192.0       1.00      0.80      0.89         5
       193.0       0.60      0.60      0.60         5
       194.0       0.83      1.00      0.91         5
       195.0       1.00      1.00      1.00         5
       197.0       0.71      1.00      0.83         5
       198.0       1.00      0.80      0.89         5
       199.0       0.40      0.40      0.40         5
       202.0       1.00      1.00      1.00         5
       203.0       1.00      1.00      1.00         5
       204.0       1.00      1.00      1.00         5
       205.0       0.57      0.80      0.67         5
       206.0       1.00      1.00      1.00         5
       207.0       0.62      1.00      0.77         5
       208.0       1.00      1.00      1.00         5
       209.0       0.62      1.00      0.77         5
       210.0       1.00      0.80      0.89         5
       211.0       0.80      0.80      0.80         5
       212.0       0.71      1.00      0.83         5
       213.0       0.40      0.80      0.53         5
       214.0       0.83      1.00      0.91         5
       215.0       1.00      1.00      1.00         5
       216.0       0.83      1.00      0.91         5
       217.0       0.60      0.60      0.60         5
       230.0       1.00      0.80      0.89         5
       231.0       1.00      1.00      1.00         5
       232.0       0.80      0.80      0.80         5
       233.0       0.83      1.00      0.91         5
       234.0       0.83      1.00      0.91         5
       235.0       1.00      0.80      0.89         5
       237.0       0.62      1.00      0.77         5
       239.0       0.60      0.60      0.60         5
       240.0       0.83      1.00      0.91         5
       241.0       0.00      0.00      0.00         5
       242.0       0.00      0.00      0.00         5
       243.0       1.00      0.60      0.75         5
       246.0       1.00      0.80      0.89         5
       247.0       0.67      0.80      0.73         5
       248.0       1.00      0.40      0.57         5
       250.0       0.71      1.00      0.83         5
       254.0       1.00      0.60      0.75         5
       256.0       1.00      1.00      1.00         5
       259.0       0.00      0.00      0.00         5
       272.0       0.62      1.00      0.77         5
       273.0       0.80      0.80      0.80         5
       274.0       1.00      0.80      0.89         5
       275.0       0.83      1.00      0.91         5
       276.0       1.00      0.20      0.33         5
       277.0       0.83      1.00      0.91         5
       278.0       0.67      0.80      0.73         5
       279.0       1.00      0.80      0.89         5
       280.0       0.71      1.00      0.83         5
       281.0       0.67      0.40      0.50         5
       282.0       1.00      0.80      0.89         5
       283.0       1.00      0.20      0.33         5
       285.0       0.75      0.60      0.67         5
       286.0       1.00      1.00      1.00         5
       287.0       0.67      0.80      0.73         5
       288.0       1.00      0.80      0.89         5
       289.0       0.83      1.00      0.91         5
       291.0       1.00      1.00      1.00         5
       292.0       0.40      0.40      0.40         5
       293.0       0.38      0.60      0.46         5
       294.0       1.00      0.80      0.89         5
       295.0       1.00      0.20      0.33         5
       296.0       1.00      0.80      0.89         5
       297.0       1.00      1.00      1.00         5
       298.0       1.00      1.00      1.00         5
       299.0       1.00      1.00      1.00         5
       300.0       0.20      0.20      0.20         5
       301.0       1.00      0.80      0.89         5
       315.0       0.67      0.80      0.73         5
       320.0       1.00      1.00      1.00         5
       321.0       0.00      0.00      0.00         5
       324.0       0.80      0.80      0.80         5
       325.0       0.00      0.00      0.00         5
       328.0       1.00      1.00      1.00         5
       329.0       0.60      0.60      0.60         5
       330.0       1.00      1.00      1.00         5
       332.0       1.00      1.00      1.00         5
       333.0       1.00      0.40      0.57         5
       334.0       1.00      0.40      0.57         5
       335.0       1.00      0.60      0.75         5
       336.0       0.56      1.00      0.71         5
       337.0       1.00      1.00      1.00         5
       338.0       0.80      0.80      0.80         5
       339.0       1.00      0.80      0.89         5
       340.0       0.83      1.00      0.91         5
       341.0       0.80      0.80      0.80         5
       342.0       1.00      1.00      1.00         5
       343.0       0.67      0.40      0.50         5
       344.0       0.83      1.00      0.91         5
       345.0       1.00      1.00      1.00         5
       346.0       0.56      1.00      0.71         5
       347.0       1.00      1.00      1.00         5
       348.0       0.62      1.00      0.77         5
       349.0       1.00      1.00      1.00         5
       350.0       0.33      0.20      0.25         5
       351.0       1.00      1.00      1.00         5
       352.0       0.67      0.80      0.73         5
       353.0       1.00      1.00      1.00         5
       354.0       1.00      1.00      1.00         5
       355.0       1.00      1.00      1.00         5
       356.0       0.56      1.00      0.71         5
       357.0       1.00      0.60      0.75         5
       364.0       0.00      0.00      0.00         5
       379.0       0.50      0.60      0.55         5
       380.0       0.83      1.00      0.91         5
       382.0       0.71      1.00      0.83         5
       383.0       1.00      1.00      1.00         5
       384.0       0.56      1.00      0.71         5
       385.0       0.80      0.80      0.80         5
       386.0       1.00      1.00      1.00         5
       387.0       0.83      1.00      0.91         5
       388.0       0.62      1.00      0.77         5
       389.0       0.62      1.00      0.77         5
       390.0       1.00      0.80      0.89         5
       391.0       1.00      0.80      0.89         5
       392.0       1.00      0.40      0.57         5
       393.0       0.71      1.00      0.83         5
       394.0       1.00      1.00      1.00         5
       403.0       0.56      1.00      0.71         5
       405.0       0.62      1.00      0.77         5
       408.0       0.00      0.00      0.00         5
       409.0       1.00      1.00      1.00         5
       414.0       1.00      0.80      0.89         5
       415.0       0.50      1.00      0.67         5
       420.0       1.00      0.40      0.57         5
       439.0       0.50      0.80      0.62         5
       442.0       1.00      0.80      0.89         5
       443.0       1.00      0.80      0.89         5
       444.0       0.62      1.00      0.77         5
       445.0       1.00      0.20      0.33         5
       446.0       0.71      1.00      0.83         5
       447.0       0.71      1.00      0.83         5
       448.0       1.00      0.60      0.75         5
       449.0       1.00      1.00      1.00         5
       450.0       0.83      1.00      0.91         5
       451.0       0.75      0.60      0.67         5
       452.0       0.83      1.00      0.91         5
       453.0       0.27      0.60      0.37         5
       454.0       0.62      1.00      0.77         5
       455.0       0.75      0.60      0.67         5
       456.0       1.00      1.00      1.00         5
       458.0       1.00      1.00      1.00         5
       480.0       0.80      0.80      0.80         5
       481.0       1.00      0.60      0.75         5
       482.0       0.40      0.40      0.40         5
       483.0       0.62      1.00      0.77         5
       484.0       1.00      0.60      0.75         5
       486.0       1.00      0.40      0.57         5
       487.0       0.00      0.00      0.00         5
       488.0       1.00      1.00      1.00         5
       489.0       1.00      0.40      0.57         5
       490.0       1.00      1.00      1.00         5
       491.0       0.71      1.00      0.83         5
       492.0       0.75      0.60      0.67         5
       493.0       0.83      1.00      0.91         5
       494.0       0.50      0.20      0.29         5
       495.0       0.36      1.00      0.53         5
       496.0       0.56      1.00      0.71         5
       497.0       1.00      1.00      1.00         5
       498.0       1.00      0.80      0.89         5
       513.0       0.43      0.60      0.50         5
       514.0       0.33      0.20      0.25         5
       527.0       0.00      0.00      0.00         5
       542.0       0.67      0.80      0.73         5
       544.0       0.67      0.80      0.73         5
       545.0       1.00      1.00      1.00         5
       546.0       0.62      1.00      0.77         5
       547.0       1.00      1.00      1.00         5
       548.0       0.71      1.00      0.83         5
       549.0       1.00      1.00      1.00         5
       550.0       1.00      0.80      0.89         5
       551.0       0.50      0.40      0.44         5
       552.0       1.00      1.00      1.00         5
       553.0       0.83      1.00      0.91         5
       555.0       0.00      0.00      0.00         5
       559.0       1.00      0.80      0.89         5
       560.0       0.00      0.00      0.00         5
       561.0       0.56      1.00      0.71         5
       562.0       1.00      1.00      1.00         5
       563.0       0.56      1.00      0.71         5
       567.0       1.00      1.00      1.00         5
       577.0       0.00      0.00      0.00         5
       582.0       0.71      1.00      0.83         5
       583.0       1.00      1.00      1.00         5
       584.0       1.00      1.00      1.00         5
       585.0       0.75      0.60      0.67         5
       586.0       0.83      1.00      0.91         5
       587.0       0.80      0.80      0.80         5
       588.0       0.83      1.00      0.91         5
       598.0       1.00      1.00      1.00         5
       599.0       1.00      1.00      1.00         5
       634.0       0.80      0.80      0.80         5
       635.0       0.50      0.20      0.29         5
       658.0       1.00      1.00      1.00         5
       670.0       0.50      0.40      0.44         5
       671.0       1.00      1.00      1.00         5

    accuracy                           0.76      1505
   macro avg       0.77      0.76      0.74      1505
weighted avg       0.77      0.76      0.74      1505
/home/zanoni/dev/inteligencia-computacional/.venv/lib/python3.10/site-packages/sklearn/metrics/_classification.py:1469: UndefinedMetricWarning: Precision and F-score are ill-defined and being set to 0.0 in labels with no predicted samples. Use `zero_division` parameter to control this behavior.
  _warn_prf(average, modifier, msg_start, len(result))
/home/zanoni/dev/inteligencia-computacional/.venv/lib/python3.10/site-packages/sklearn/metrics/_classification.py:1469: UndefinedMetricWarning: Precision and F-score are ill-defined and being set to 0.0 in labels with no predicted samples. Use `zero_division` parameter to control this behavior.
  _warn_prf(average, modifier, msg_start, len(result))
/home/zanoni/dev/inteligencia-computacional/.venv/lib/python3.10/site-packages/sklearn/metrics/_classification.py:1469: UndefinedMetricWarning: Precision and F-score are ill-defined and being set to 0.0 in labels with no predicted samples. Use `zero_division` parameter to control this behavior.
  _warn_prf(average, modifier, msg_start, len(result))

[  0.   0.   0. ... 599. 671. 671.]
              precision    recall  f1-score   support

         0.0       1.00      0.80      0.89         5
         1.0       0.40      0.40      0.40         5
         3.0       0.00      0.00      0.00         5
         5.0       1.00      0.80      0.89         5
         7.0       0.83      1.00      0.91         5
         8.0       0.67      0.80      0.73         5
         9.0       0.20      0.20      0.20         5
        10.0       0.75      0.60      0.67         5
        11.0       0.50      0.60      0.55         5
        12.0       0.60      0.60      0.60         5
        13.0       0.67      0.80      0.73         5
        14.0       0.40      0.80      0.53         5
        16.0       0.43      0.60      0.50         5
        17.0       1.00      1.00      1.00         5
        18.0       0.75      0.60      0.67         5
        19.0       0.38      1.00      0.56         5
        25.0       1.00      0.80      0.89         5
        26.0       0.43      0.60      0.50         5
        37.0       0.57      0.80      0.67         5
        58.0       0.75      0.60      0.67         5
        59.0       0.80      0.80      0.80         5
        60.0       0.14      0.20      0.17         5
        61.0       0.60      0.60      0.60         5
        62.0       0.25      0.20      0.22         5
        63.0       0.14      0.20      0.17         5
        64.0       1.00      0.40      0.57         5
        65.0       0.67      0.80      0.73         5
        66.0       0.33      0.80      0.47         5
        81.0       0.00      0.00      0.00         5
        84.0       0.67      0.40      0.50         5
        85.0       1.00      0.20      0.33         5
        87.0       1.00      1.00      1.00         5
        88.0       0.00      0.00      0.00         5
        89.0       1.00      0.60      0.75         5
        90.0       0.00      0.00      0.00         5
        91.0       0.67      0.40      0.50         5
        92.0       0.00      0.00      0.00         5
        93.0       1.00      0.80      0.89         5
        94.0       0.67      0.80      0.73         5
        95.0       0.50      0.20      0.29         5
       102.0       0.33      0.20      0.25         5
       107.0       0.75      0.60      0.67         5
       108.0       0.83      1.00      0.91         5
       109.0       1.00      0.40      0.57         5
       110.0       0.50      0.80      0.62         5
       111.0       0.71      1.00      0.83         5
       112.0       0.75      0.60      0.67         5
       113.0       0.25      0.40      0.31         5
       114.0       0.80      0.80      0.80         5
       117.0       0.83      1.00      0.91         5
       118.0       0.44      0.80      0.57         5
       119.0       0.60      0.60      0.60         5
       121.0       0.00      0.00      0.00         5
       123.0       0.30      0.60      0.40         5
       124.0       0.60      0.60      0.60         5
       125.0       0.62      1.00      0.77         5
       126.0       0.75      0.60      0.67         5
       127.0       1.00      0.80      0.89         5
       128.0       0.67      0.80      0.73         5
       129.0       0.57      0.80      0.67         5
       130.0       0.71      1.00      0.83         5
       131.0       1.00      1.00      1.00         5
       132.0       0.50      0.40      0.44         5
       133.0       1.00      1.00      1.00         5
       134.0       0.33      0.20      0.25         5
       135.0       0.40      0.40      0.40         5
       139.0       0.27      0.60      0.37         5
       140.0       0.00      0.00      0.00         5
       150.0       0.50      0.80      0.62         5
       151.0       1.00      1.00      1.00         5
       152.0       0.22      0.40      0.29         5
       153.0       0.67      0.40      0.50         5
       154.0       0.40      0.40      0.40         5
       155.0       1.00      1.00      1.00         5
       157.0       0.00      0.00      0.00         5
       158.0       0.00      0.00      0.00         5
       159.0       0.00      0.00      0.00         5
       160.0       0.00      0.00      0.00         5
       161.0       1.00      1.00      1.00         5
       162.0       0.00      0.00      0.00         5
       163.0       0.83      1.00      0.91         5
       164.0       0.00      0.00      0.00         5
       165.0       0.50      0.40      0.44         5
       166.0       1.00      1.00      1.00         5
       168.0       0.80      0.80      0.80         5
       169.0       1.00      0.40      0.57         5
       170.0       0.40      0.40      0.40         5
       171.0       0.67      0.80      0.73         5
       172.0       0.20      0.20      0.20         5
       173.0       0.83      1.00      0.91         5
       174.0       0.60      0.60      0.60         5
       175.0       1.00      0.20      0.33         5
       177.0       0.83      1.00      0.91         5
       178.0       0.83      1.00      0.91         5
       179.0       0.62      1.00      0.77         5
       180.0       0.62      1.00      0.77         5
       181.0       0.00      0.00      0.00         5
       184.0       0.50      0.20      0.29         5
       185.0       0.62      1.00      0.77         5
       186.0       1.00      0.40      0.57         5
       187.0       0.50      0.20      0.29         5
       188.0       0.40      0.80      0.53         5
       190.0       0.75      0.60      0.67         5
       192.0       0.57      0.80      0.67         5
       193.0       0.75      0.60      0.67         5
       194.0       0.67      0.80      0.73         5
       195.0       0.00      0.00      0.00         5
       197.0       0.50      0.40      0.44         5
       198.0       0.44      0.80      0.57         5
       199.0       0.12      0.20      0.15         5
       202.0       0.80      0.80      0.80         5
       203.0       1.00      0.80      0.89         5
       204.0       1.00      0.80      0.89         5
       205.0       1.00      0.40      0.57         5
       206.0       0.83      1.00      0.91         5
       207.0       1.00      1.00      1.00         5
       208.0       0.57      0.80      0.67         5
       209.0       0.50      0.40      0.44         5
       210.0       0.80      0.80      0.80         5
       211.0       0.50      0.40      0.44         5
       212.0       0.33      0.60      0.43         5
       213.0       0.33      0.60      0.43         5
       214.0       0.71      1.00      0.83         5
       215.0       0.75      0.60      0.67         5
       216.0       1.00      0.60      0.75         5
       217.0       0.00      0.00      0.00         5
       230.0       0.25      0.20      0.22         5
       231.0       0.83      1.00      0.91         5
       232.0       0.20      0.20      0.20         5
       233.0       0.75      0.60      0.67         5
       234.0       0.50      0.60      0.55         5
       235.0       0.50      0.20      0.29         5
       237.0       1.00      0.60      0.75         5
       239.0       0.40      0.80      0.53         5
       240.0       0.75      0.60      0.67         5
       241.0       0.00      0.00      0.00         5
       242.0       0.00      0.00      0.00         5
       243.0       0.50      0.20      0.29         5
       246.0       0.40      0.40      0.40         5
       247.0       1.00      0.80      0.89         5
       248.0       1.00      0.20      0.33         5
       250.0       1.00      0.80      0.89         5
       254.0       1.00      0.40      0.57         5
       256.0       0.71      1.00      0.83         5
       259.0       0.33      0.20      0.25         5
       272.0       0.67      0.40      0.50         5
       273.0       0.27      0.60      0.37         5
       274.0       0.75      0.60      0.67         5
       275.0       0.83      1.00      0.91         5
       276.0       0.00      0.00      0.00         5
       277.0       0.83      1.00      0.91         5
       278.0       0.33      0.20      0.25         5
       279.0       1.00      0.20      0.33         5
       280.0       0.56      1.00      0.71         5
       281.0       0.67      0.40      0.50         5
       282.0       1.00      0.60      0.75         5
       283.0       1.00      0.20      0.33         5
       285.0       0.00      0.00      0.00         5
       286.0       0.33      0.40      0.36         5
       287.0       0.75      0.60      0.67         5
       288.0       1.00      0.80      0.89         5
       289.0       0.56      1.00      0.71         5
       291.0       0.50      0.20      0.29         5
       292.0       0.13      0.40      0.20         5
       293.0       0.43      0.60      0.50         5
       294.0       0.44      0.80      0.57         5
       295.0       1.00      0.80      0.89         5
       296.0       0.60      0.60      0.60         5
       297.0       0.83      1.00      0.91         5
       298.0       1.00      1.00      1.00         5
       299.0       0.83      1.00      0.91         5
       300.0       0.60      0.60      0.60         5
       301.0       1.00      0.40      0.57         5
       315.0       0.43      0.60      0.50         5
       320.0       0.50      0.80      0.62         5
       321.0       0.00      0.00      0.00         5
       324.0       0.67      0.40      0.50         5
       325.0       0.00      0.00      0.00         5
       328.0       1.00      1.00      1.00         5
       329.0       0.00      0.00      0.00         5
       330.0       1.00      1.00      1.00         5
       332.0       0.71      1.00      0.83         5
       333.0       0.33      0.20      0.25         5
       334.0       0.80      0.80      0.80         5
       335.0       0.20      0.20      0.20         5
       336.0       0.56      1.00      0.71         5
       337.0       1.00      0.40      0.57         5
       338.0       0.80      0.80      0.80         5
       339.0       0.40      0.40      0.40         5
       340.0       0.83      1.00      0.91         5
       341.0       0.75      0.60      0.67         5
       342.0       0.33      0.20      0.25         5
       343.0       0.17      0.20      0.18         5
       344.0       0.67      0.40      0.50         5
       345.0       0.83      1.00      0.91         5
       346.0       0.67      0.80      0.73         5
       347.0       0.80      0.80      0.80         5
       348.0       0.83      1.00      0.91         5
       349.0       0.83      1.00      0.91         5
       350.0       0.00      0.00      0.00         5
       351.0       1.00      1.00      1.00         5
       352.0       0.75      0.60      0.67         5
       353.0       1.00      1.00      1.00         5
       354.0       1.00      0.40      0.57         5
       355.0       1.00      0.80      0.89         5
       356.0       0.62      1.00      0.77         5
       357.0       0.00      0.00      0.00         5
       364.0       0.00      0.00      0.00         5
       379.0       0.12      0.20      0.15         5
       380.0       0.75      0.60      0.67         5
       382.0       0.71      1.00      0.83         5
       383.0       1.00      1.00      1.00         5
       384.0       0.60      0.60      0.60         5
       385.0       0.40      0.40      0.40         5
       386.0       0.56      1.00      0.71         5
       387.0       0.33      0.20      0.25         5
       388.0       0.57      0.80      0.67         5
       389.0       0.30      0.60      0.40         5
       390.0       0.80      0.80      0.80         5
       391.0       0.50      0.60      0.55         5
       392.0       0.50      0.40      0.44         5
       393.0       0.80      0.80      0.80         5
       394.0       1.00      0.20      0.33         5
       403.0       0.57      0.80      0.67         5
       405.0       0.56      1.00      0.71         5
       408.0       0.00      0.00      0.00         5
       409.0       0.67      0.40      0.50         5
       414.0       0.67      0.40      0.50         5
       415.0       0.40      0.80      0.53         5
       420.0       0.83      1.00      0.91         5
       439.0       0.50      0.60      0.55         5
       442.0       0.75      0.60      0.67         5
       443.0       1.00      0.80      0.89         5
       444.0       0.44      0.80      0.57         5
       445.0       1.00      0.20      0.33         5
       446.0       0.83      1.00      0.91         5
       447.0       0.56      1.00      0.71         5
       448.0       0.25      0.40      0.31         5
       449.0       0.33      0.60      0.43         5
       450.0       0.62      1.00      0.77         5
       451.0       0.50      0.40      0.44         5
       452.0       0.25      0.20      0.22         5
       453.0       0.40      0.80      0.53         5
       454.0       0.56      1.00      0.71         5
       455.0       0.50      0.40      0.44         5
       456.0       0.71      1.00      0.83         5
       458.0       1.00      1.00      1.00         5
       480.0       0.50      0.40      0.44         5
       481.0       0.50      0.20      0.29         5
       482.0       1.00      0.60      0.75         5
       483.0       0.62      1.00      0.77         5
       484.0       0.43      0.60      0.50         5
       486.0       0.00      0.00      0.00         5
       487.0       0.33      0.20      0.25         5
       488.0       0.50      0.80      0.62         5
       489.0       0.67      0.40      0.50         5
       490.0       0.71      1.00      0.83         5
       491.0       1.00      0.40      0.57         5
       492.0       0.50      0.20      0.29         5
       493.0       0.67      0.80      0.73         5
       494.0       0.14      0.20      0.17         5
       495.0       0.56      1.00      0.71         5
       496.0       0.60      0.60      0.60         5
       497.0       1.00      1.00      1.00         5
       498.0       0.50      0.20      0.29         5
       513.0       0.75      0.60      0.67         5
       514.0       0.17      0.20      0.18         5
       527.0       0.00      0.00      0.00         5
       542.0       0.50      0.60      0.55         5
       544.0       0.00      0.00      0.00         5
       545.0       0.60      0.60      0.60         5
       546.0       0.67      0.80      0.73         5
       547.0       0.83      1.00      0.91         5
       548.0       0.50      0.40      0.44         5
       549.0       1.00      0.60      0.75         5
       550.0       0.17      0.20      0.18         5
       551.0       1.00      0.40      0.57         5
       552.0       0.80      0.80      0.80         5
       553.0       0.50      0.40      0.44         5
       555.0       0.00      0.00      0.00         5
       559.0       0.50      0.20      0.29         5
       560.0       0.00      0.00      0.00         5
       561.0       0.29      0.40      0.33         5
       562.0       0.71      1.00      0.83         5
       563.0       0.80      0.80      0.80         5
       567.0       0.83      1.00      0.91         5
       577.0       0.00      0.00      0.00         5
       582.0       0.33      0.60      0.43         5
       583.0       0.67      0.40      0.50         5
       584.0       0.83      1.00      0.91         5
       585.0       1.00      0.60      0.75         5
       586.0       0.60      0.60      0.60         5
       587.0       0.67      0.40      0.50         5
       588.0       0.60      0.60      0.60         5
       598.0       0.71      1.00      0.83         5
       599.0       0.80      0.80      0.80         5
       634.0       0.33      0.40      0.36         5
       635.0       0.50      0.20      0.29         5
       658.0       0.67      0.40      0.50         5
       670.0       0.40      0.40      0.40         5
       671.0       0.80      0.80      0.80         5

    accuracy                           0.57      1505
   macro avg       0.58      0.57      0.55      1505
weighted avg       0.58      0.57      0.55      1505
/home/zanoni/dev/inteligencia-computacional/.venv/lib/python3.10/site-packages/joblib/externals/loky/backend/resource_tracker.py:314: UserWarning: resource_tracker: There appear to be 6 leaked semlock objects to clean up at shutdown
  warnings.warn(
/home/zanoni/dev/inteligencia-computacional/.venv/lib/python3.10/site-packages/joblib/externals/loky/backend/resource_tracker.py:314: UserWarning: resource_tracker: There appear to be 1 leaked folder objects to clean up at shutdown
  warnings.warn(
